C.txt[0] = 0.000140
C.txt[1] = 0.000740
C.txt[2] = 0.001340
C.txt[3] = 0.001940
C.txt[4] = 0.000740
C.txt[5] = 0.005340
C.txt[6] = 0.009940
C.txt[7] = 0.014540
C.txt[8] = 0.001340
C.txt[9] = 0.009940
C.txt[10] = 0.018540
C.txt[11] = 0.027140
C.txt[12] = 0.001940
C.txt[13] = 0.014540
C.txt[14] = 0.027140
C.txt[15] = 0.039740
